   52.0   239.5 0.81 PSR0D99F
   52.0   599.0 0.71 6900
   52.0   907.0 0.71 7233
  113.0   239.5 0.82 PSRODA1F
  113.0   597.5 0.80 6600
  112.5   906.5 0.67 6955
  171.0   238.5 0.77 PSRODA4F
  172.5   906.0 0.69 6885
  232.5   239.0 0.77 PSRODA5F
  232.0   598.0 0.68 6400
  232.5   906.5 0.80 6824
  290.5   238.5 0.84 PSRODA6F
  292.0   598.5 0.63 6950
  291.5   907.0 0.68 7474
  351.0   238.5 0.86 PSR0D53F/54F/78F
  351.5   598.0 0.73 8650
  351.5   906.0 0.78 9303
  411.5   238.0 0.83 PSR0D52F
  412.0   598.0 0.75 8100
  412.0   905.5 0.76 8673
  504.0   235.5 0.90 PSR0D55F/77F/80F/79F
  504.5   597.5 0.65 9750
  504.0   905.5 0.83 10493