   32.0   501.0 0.84 155 65 R14
   32.0   791.5 0.81 Roadhawk 2z
   34.0   995.5 0.66 TL
   33.0  1212.0 0.87 PSR0D85F
   33.5  1526.0 0.78 3550
   33.5  1794.5 0.79 3962
   85.5   500.5 0.83 165 65 R14
   84.5   791.5 0.80 Roadhawk 2z
   86.5   995.0 0.66 TL
   86.5  1212.0 0.83 PSROD89F
   87.0  1526.5 0.78 4000
   87.0  1794.0 0.76 4211
  137.5   501.5 0.84 165 70 R14
  137.0   791.0 0.91 Roadhawk 2z
  137.5  1211.5 0.83 PSROD90F
  139.0   995.0 0.65 TL
  139.5  1526.0 0.79 3600
  139.5  1794.5 0.76 696E
  189.5   501.5 0.82 165 80 R14
  188.5   791.5 0.89 Roadhawk 2z
  190.5   994.5 0.59 TL
  191.0  1212.5 0.82 PSR0D91F
  191.0  1526.0 0.80 3900
  191.0  1794.0 0.70 4232
  214.0   309.5 0.65 14
  242.5   499.5 0.81 175 65 R14
  242.0   791.0 0.85 Roadhawk 2z
  243.0   994.0 0.62 TL
  242.0  1210.5 0.86 PSR0D92F
  243.5  1526.0 0.78 4950
  243.5  1794.0 0.72 5301
  294.0   499.0 0.83 175 70 R14
  294.0   790.5 0.75 Roadhawk 2z
  295.5   994.0 0.64 TL
  295.0  1211.0 0.76 PSROD94F
  296.0  1525.5 0.77 4950
  296.5  1793.5 0.78 5356
  346.0   499.0 0.86 185 65 R14
  344.5   790.2 0.80 Roadhawk 2z
  347.5   994.0 0.65 TL
  347.0  1211.5 0.85 PSR0D96F
  347.5  1525.0 0.74 4800
  346.5  1794.0 0.74 5162
  398.5   499.5 0.84 185 70 R14
  397.5   790.0 0.85 Roadhawk 2z
  400.0   994.0 0.65 TL
  398.5  1210.0 0.87 PSR0D98F
  399.5  1524.5 0.79 4750
  399.0  1793.5 0.78 4978
  478.5   498.0 0.82 175 65 R15
  478.0   789.5 0.85 Roadhawk 2z
  478.0   993.5 0.65 TL
  479.5  1210.0 0.80 PSR0D93F
  479.5  1525.0 0.80 5050
  480.0  1793.0 0.69 5379
  529.5   499.0 0.85 185 60 R15
  530.5   789.5 0.85 Roadhawk 2z
  531.0   993.0 0.64 TL
  531.5  1210.5 0.80 PSR0D95F
  532.5  1524.5 0.80 5200
  532.5  1793.5 0.70 5524
  582.0   497.5 0.85 185 65 R15
  581.0   789.2 0.81 Roadhawk 2z
  583.5   993.5 0.66 TL
  583.5  1210.0 0.86 PSR0D97F
  583.5  1525.0 0.80 5250
  583.5  1793.2 0.74 5586
  631.5   309.0 0.61 15
  634.0   497.5 0.85 195 60 R15
  634.0   789.5 0.90 Roadhawk 2z
  635.5   993.0 0.65 TL
  635.5  1210.5 0.84 PSRODAOF
  635.0  1524.5 0.70 5900
  634.0  1793.5 0.77 6404