   16.0   243.0 0.86 PSR0D91F
   16.0   602.0 0.72 3900
   16.0   908.0 0.80 4232
   74.2   241.8 0.85 PSR0D92F
   76.0   601.0 0.75 4950
   75.5   908.5 0.80 5301
  134.5   242.0 0.75 PSROD94F
  135.5   601.5 0.72 4950
  135.5   907.5 0.79 5356
  194.0   242.5 0.79 PSR0D96F
  195.0   601.0 0.72 4800
  195.0   908.5 0.79 5162
  253.0   242.0 0.83 PSR0D98F
  254.0   600.5 0.70 4750
  255.0   908.5 0.64 4978
  346.0   241.5 0.83 PSROD93F
  346.5   600.5 0.62 5050
  347.0   907.5 0.68 5379
  405.5   240.5 0.78 PSROD95F
  406.5   599.5 0.78 5200
  406.0   907.5 0.78 5524
  465.0   241.5 0.82 PSR0D97F
  465.5   600.5 0.80 5250
  465.0   907.5 0.80 5586
  525.0   241.5 0.88 PSRODAOF
  525.0   599.5 0.79 5900
  525.0   908.5 0.80 6404
  582.5   239.5 0.86 PSRODA2F
  584.5   599.5 0.80 5750
  584.0   907.5 0.71 6216
  642.5   240.5 0.84 PSRODA3F
  643.0   599.0 0.73 6350
  643.0   907.5 0.79 6824
  702.5   240.5 0.71 PSROD01F
  703.0   599.5 0.69 6400
  703.0   907.0 0.80 6930
  793.5   239.5 0.85 PSR0D99F
  793.0   599.0 0.79 6900
  792.2   906.2 0.64 7233