   41.0   308.0 0.59 15
   44.0   496.5 0.83 195 60 R15
   43.8   788.8 0.84 Roadhawk 2z
   46.5   993.0 0.65 TL
   45.5  1210.0 0.87 PSRODAOF
   45.5  1524.0 0.55 5900
   45.0  1793.5 0.80 6404
   96.0   498.5 0.85 195 65 R15
   96.0   788.8 0.87 Roadhawk 2z
   98.5   993.0 0.66 TL
   97.0  1210.5 0.79 PSRODA2F
   98.0  1524.5 0.80 5750
   98.0  1793.0 0.80 6216
  148.0   497.0 0.80 205 65 R15
  148.2   788.5 0.84 Roadhawk 2z
  149.0  1210.5 0.81 PSRODA3F
  152.0   992.5 0.54 TL
  150.5  1524.5 0.55 6350
  150.5  1792.5 0.80 6824
  201.0   496.5 0.83 215 75 R15
  200.5   789.0 0.83 DestinationLE02
  203.0   992.0 0.66 TL
  202.0  1210.5 0.74 PSRODO1F
  202.0  1524.5 0.80 6400
  202.0  1792.5 0.80 6930
  280.0   496.5 0.79 195 55 R16
  281.5   788.0 0.88 Roadhawk 2z
  281.5  1792.0 0.55 7233
  282.5   991.5 0.66 TL
  282.5  1209.5 0.81 PSR0D99F
  282.0  1523.5 0.80 6900
  332.8   496.5 0.85 195 60 R16
  333.5   787.5 0.86 Roadhawk 2z
  335.0   991.5 0.58 TL
  334.5  1209.0 0.79 PSRODA1F
  334.5  1523.0 0.72 6600
  334.5  1791.5 0.72 6955
  385.0   497.0 0.82 205 60 R16
  386.0   787.5 0.79 Roadhawk 2z
  388.0   990.5 0.65 TL
  387.0  1208.5 0.82 PSRODA4F
  387.0  1523.0 0.80 6600
  387.0  1791.5 0.72 6885
  435.0   306.5 0.63 16
  438.0   495.0 0.85 205 65R16
  438.0   786.8 0.91 Roadhawk 2z
  439.5   990.5 0.64 TL
  439.5  1208.5 0.86 PSRODA5F
  439.5  1523.5 0.77 6400
  439.5  1791.5 0.80 6824
  491.0   496.0 0.77 215 60 R16
  491.0   787.0 0.90 Roadhawk 2z
  491.0   990.5 0.65 TL
  491.0  1208.5 0.84 PSRODA6F
  491.5  1523.5 0.77 6950
  491.5  1792.0 0.60 7474
  542.0   496.0 0.82 215 65 R16
  543.0   786.0 0.90 Destination LE02
  543.0   989.2 0.64 TL
  543.0  1208.5 0.92 PSR0D53F/54F/78F
  543.5  1523.0 0.71 8650
  542.0  1790.5 0.80 9303