   66.0  1528.5 0.80 Recommended
   81.5  1796.0 0.67 MRP
   96.0   312.0 0.75 Rim
   96.0   503.0 0.78 Size
   97.5   794.0 0.87 Pattern
   98.2   997.5 0.83 Type(*)
   98.0  1215.0 0.90 PRODUCT CODE
   98.0  1527.5 0.90 Consumer Price
  113.5  1795.0 0.88 [Including GST]
  129.0  1527.5 0.85 [Including GST]
  197.0   311.5 0.56 12
  196.5   500.8 0.83 145 80 R12
  196.5   793.5 0.84 Roadhawk 2z
  198.0   997.0 0.66 TL
  197.5  1213.5 0.81 PSR0D82F
  197.5  1527.5 0.74 3100
  197.5  1796.0 0.72 3388
  278.0   501.5 0.86 145 70 R13
  278.0   793.5 0.89 Roadhawk 2z
  279.5  1214.0 0.85 PSR0D81F
  278.5  1527.0 0.52 3200
  279.0  1795.0 0.64 3581
  330.0   502.5 0.81 145 80 R13
  330.0   793.5 0.90 Roadhawk 2z
  332.0   997.0 0.63 TL
  332.0  1214.0 0.83 PSR0D83F
  331.0  1526.5 0.79 3350
  331.5  1796.0 0.80 3664
  383.0   501.5 0.85 155 65 R13
  383.0   793.0 0.90 Roadhawk 2z
  384.0   996.0 0.64 TL
  384.5  1212.0 0.79 PSR0D84F
  385.0  1526.5 0.79 3550
  384.0  1794.5 0.80 3840
  407.0   310.5 0.65 13
  435.0   502.0 0.83 155 70 R13
  434.5   792.0 0.84 Roadhawk 2z
  435.8   995.8 0.66 TL
  436.5  1212.5 0.86 PSR0D86F
  437.0  1526.5 0.80 3600
  437.0  1794.5 0.74 3900
  487.5   502.0 0.85 155 80 R13
  488.0   792.5 0.89 Roadhawk 2z
  489.5   996.0 0.65 TL
  489.0  1213.0 0.86 PSR0D87F
  489.0  1526.5 0.80 3800
  489.0  1794.5 0.69 4039
  539.0   501.0 0.82 165 65 R13
  540.0   792.0 0.89 Roadhawk 2z
  541.0   995.5 0.65 TL
  541.5  1212.5 0.76 PSR0D88F
  541.5  1526.0 0.73 3700
  541.0  1794.5 0.70 4060
  621.0   500.5 0.83 15565R14
  621.5   792.5 0.84 Roadhawk 2z
  621.5   995.0 0.65 TL
  622.0  1212.5 0.86 PSR0D85F
  622.0  1526.0 0.77 3550
  620.8  1793.5 0.80 3962
  669.0   500.0 0.82 165.65R14
  668.5   789.8 0.73 RoadhawkZz
  669.5  1212.5 0.77 PSROD89E
  669.2  1526.5 0.79 4000
  669.0  1794.0 0.70 4211