   24.0   245.5 0.85 PSR0D82F
   24.0   603.5 0.80 3100
   24.0   910.5 0.76 3388
  117.0   245.0 0.86 PSR0D81F
  117.0   602.5 0.79 3200
  117.5   910.0 0.67 3581
  176.0   243.5 0.86 PSR0D83F
  177.5   602.5 0.79 3350
  178.0   910.0 0.79 3664
  237.0   243.0 0.84 PSR0D84F
  237.5   602.5 0.80 3550
  238.0   909.0 0.80 3840
  297.5   244.0 0.84 PSR0D86F
  298.0   603.0 0.76 3600
  298.0   908.5 0.77 3900
  357.5   244.5 0.79 PSR0D87F
  357.0   602.5 0.80 3800
  357.0   908.5 0.58 4039
  417.0   244.0 0.82 PSR0D88F
  417.5   602.0 0.57 3700
  417.5   908.5 0.63 4060
  509.5   243.5 0.78 PSR0D85F
  510.0   602.0 0.80 3550
  510.5   909.0 0.79 3962
  570.0   243.5 0.87 PSR0D89F
  571.0   601.5 0.76 4000
  571.0   908.0 0.68 4211
  629.0   243.0 0.83 PSROD90F
  629.5   601.8 0.77 3600
  630.0   908.5 0.77 696E
  688.8   243.5 0.77 PSR0D91F
  690.0   601.5 0.80 3900
  690.0   908.5 0.76 4232