   11.0  1627.5 0.90 Recommended
   25.0  1933.0 0.63 MRP
   42.0   237.0 0.75 Rim
   42.0   455.5 0.78 Size
   43.0   789.5 0.81 Pattern
   44.0  1020.5 0.81 Type(*)
   43.0  1269.5 0.88 PRODUCT CODE
   43.5  1627.5 0.87 Consumer Price
   62.0  1932.5 0.89 [Including GST]
   80.0  1627.5 0.90 [Including GST]
  158.0   237.0 0.66 12
  157.5   454.5 0.90 145 80 R12
  156.0   788.0 0.90 Roadhawk 2z
  160.0  1020.0 0.64 TL
  158.5  1268.5 0.80 PSR0D82F
  158.0  1626.5 0.71 3100
  158.5  1933.0 0.75 3388
  249.2   453.5 0.82 145 70 R13
  249.2   787.5 0.77 Roadhawk 2z
  250.5  1019.5 0.63 TL
  251.0  1268.5 0.84 PSR0D81F
  251.5  1626.0 0.59 3200
  251.5  1933.0 0.66 3581
  308.5   454.5 0.89 145 80 R13
  309.0   786.2 0.90 Roadhawk 2z
  313.5  1020.0 0.65 TL
  311.5  1267.5 0.77 PSR0D83F
  311.5  1626.0 0.71 3350
  311.5  1933.0 0.64 3664
  370.5   453.5 0.80 155 65 R13
  370.0   786.5 0.91 Roadhawk 2z
  372.0  1019.0 0.62 TL
  371.5  1267.5 0.78 PSR0D84F
  372.0  1626.0 0.80 3550
  372.0  1932.5 0.80 3840
  398.0   236.0 0.67 13
  429.5   454.5 0.87 155 70 R13
  429.5   786.5 0.88 Roadhawk 2z
  432.0  1018.5 0.62 TL
  431.5  1267.5 0.82 PSR0D86F
  432.0  1625.5 0.79 3600
  432.5  1932.5 0.71 3900
  489.0   453.5 0.80 155 80 R13
  489.5   785.5 0.81 Roadhawk 2z
  491.0  1018.5 0.54 TL
  491.0  1266.5 0.80 PSR0D87F
  491.0  1626.0 0.73 3800
  491.0  1932.5 0.79 4039
  549.0   453.5 0.87 165 65 R13
  550.0   786.5 0.83 Roadhawk 2z
  552.0  1018.5 0.65 TL
  551.0  1267.5 0.87 PSR0D88F
  551.5  1625.0 0.64 3700
  551.5  1932.0 0.63 4060
  642.5   452.5 0.84 155 65 R14
  642.5   786.5 0.88 Roadhawk 2z
  644.0  1018.0 0.65 TL
  644.5  1267.0 0.82 PSR0D85F
  644.0  1625.5 0.80 3550
  644.0  1932.0 0.77 3962
  701.5   784.0 0.91 Roadhawk 2z
  703.0   453.0 0.88 165 65 R14
  704.5  1017.5 0.62 TL
  704.5  1266.5 0.79 PSR0D89F
  705.0  1625.0 0.79 4000
  705.5  1931.0 0.74 4211
  761.0   454.0 0.81 165 70 R14
  762.0   785.0 0.80 Roadhawk 2z
  765.0  1018.0 0.63 TL
  763.5  1266.5 0.75 PSR0D90F
  764.5  1625.5 0.80 3600
  764.5  1932.0 0.75 696E
  822.0   453.5 0.83 165 80 R14
  822.0   784.5 0.77 Roadhawk 2z
  824.5  1018.0 0.65 TL
  823.5  1266.0 0.79 PSR0D91F
  823.5  1624.5 0.80 3900
  823.5  1932.0 0.69 4232
  850.5   234.5 0.67 14
  881.5   451.5 0.89 175 65 R14
  881.5   784.5 0.87 Roadhawk 2z
  884.5  1017.0 0.58 TL
  883.5  1266.0 0.79 PSR0D92F
  883.2  1624.2 0.65 4950
  884.0  1931.5 0.75 5301
  941.0   451.5 0.84 175 70 R14
  940.5   783.0 0.91 Roadhawk 2z
  943.0  1017.5 0.65 TL
  942.5  1264.5 0.78 PSR0D94F
  943.0  1624.0 0.72 4950
  943.0  1931.5 0.80 5356
 1001.0   451.0 0.83 185 65 R14
  999.8   783.2 0.84 Roadhawk 2z
 1003.5  1016.5 0.65 TL
 1002.0  1266.0 0.84 PSR0D96F
 1003.0  1931.0 0.68 5162
 1059.0   451.0 0.86 185 70 R14
 1058.5   783.0 0.85 Roadhawk 2z
 1061.0  1265.5 0.86 PSR0D98F
 1062.0  1623.5 0.68 4750
 1062.0  1931.0 0.73 4978
 1063.5  1017.0 0.65 TL
 1151.5   448.0 0.82 175 65 R15
 1152.0   783.5 0.85 Roadhawk 2z
 1153.0  1016.0 0.65 TL
 1153.0  1264.5 0.78 PSR0D93F
 1153.5  1623.5 0.67 5050
 1152.8  1929.8 0.68 5379
 1211.0   451.0 0.84 185 60 R15
 1211.5   783.0 0.84 Roadhawk 2z
 1214.0  1015.5 0.64 TL
 1213.0  1264.0 0.79 PSR0D95F
 1213.5  1623.0 0.67 5200
 1213.0  1930.5 0.80 5524
 1271.0   448.5 0.81 185 65 R15
 1270.0   783.0 0.73 Roadhawk 2z
 1272.5  1015.5 0.65 TL
 1273.0  1264.0 0.84 PSROD97F
 1273.0  1623.5 0.80 5250
 1273.0  1930.5 0.80 5586
 1326.5   233.0 0.65 15
 1329.0   447.5 0.86 195 60 R15
 1329.5   781.8 0.88 Roadhawk 2z
 1332.5  1015.5 0.52 TL
 1331.5  1264.5 0.84 PSRODAOF
 1331.0  1623.0 0.79 5900
 1332.0  1930.5 0.79 6404
 1388.5   450.0 0.85 195 65 R15
 1388.8   782.2 0.88 Roadhawk 2z
 1392.5  1015.0 0.66 TL
 1390.5  1264.0 0.84 PSRODA2F
 1391.5  1622.8 0.72 5750
 1392.0  1930.5 0.78 6216
 1449.5   449.5 0.83 205 65 R15
 1449.5   783.0 0.84 Roadhawk 2z
 1452.0  1015.0 0.66 TL
 1451.0  1264.0 0.83 PSRODA3F
 1451.5  1623.0 0.76 6350
 1452.0  1930.0 0.80 6824
 1508.0   448.0 0.80 215 75 R15
 1508.0   782.0 0.82 Destination LE02
 1511.0  1015.0 0.66 TL
 1509.5  1264.0 0.73 PSR0D01F
 1510.5  1623.0 0.78 6400
 1510.5  1929.5 0.77 6930
 1600.0   449.0 0.88 195 55 R16
 1601.0   782.0 0.86 Roadhawk 2z
 1603.0  1014.5 0.66 TL
 1602.0  1263.0 0.80 PSR0D99F
 1602.5  1622.5 0.62 6900
 1602.5  1930.0 0.77 7233
 1660.0   448.5 0.90 195 60 R16
 1660.5   781.0 0.81 Roadhawk 2z
 1662.0  1262.5 0.82 PSRODA1F
 1662.0  1622.0 0.76 6600
 1662.0  1929.0 0.77 6955
 1662.5  1014.0 0.66 TL
 1720.5   448.5 0.83 205 60 R16
 1720.0   781.5 0.75 Roadhawk 2z
 1721.5  1263.0 0.87 PSRODA4F
 1722.5  1014.0 0.65 TL
 1722.0  1622.0 0.80 6600
 1722.0  1929.0 0.80 6885
 1777.0   231.0 0.65 16
 1780.0   447.0 0.81 205 65 R16
 1779.5   780.2 0.83 Roadhawk 2z
 1782.0  1014.0 0.62 TL
 1781.0  1262.5 0.85 PSRODA5F
 1782.0  1622.0 0.79 6400
 1782.5  1929.5 0.73 6824
 1839.5   447.5 0.89 215 60 R16
 1840.0   778.5 0.91 Roadhawk 2z
 1841.5  1262.5 0.79 PSRODA6F
 1841.5  1929.5 0.72 7474
 1842.5  1013.0 0.66 TL
 1842.5  1621.5 0.80 6950
 1899.5   447.5 0.85 215 65 R16
 1900.0   780.0 0.91 Destination LE02
 1901.5  1013.0 0.65 TL
 1901.5  1262.0 0.87 PSR0D53F/54F/78F
 1902.0  1621.0 0.76 8650
 1901.2  1927.8 0.70 9303
 1959.0   447.0 0.81 235 70 R16
 1958.5   779.0 0.86 Destination LE02
 1960.5  1261.5 0.82 PSR0D52F
 1961.5  1621.0 0.66 8100
 1961.0  1928.0 0.70 8673
 1962.5  1013.0 0.66 TL
 2052.0   229.0 0.66 17
 2051.5   445.2 0.85 225 60 R17
 2053.0   779.0 0.91 Destination LE02
 2054.0  1012.0 0.65 TL
 2053.5  1260.5 0.90 PSR0D55F/77F/80F/79F
 2053.5  1620.5 0.63 9750
 2053.5  1928.5 0.68 10493